[program]
task=linear_absorption
observations={(matrix_trace_static_fluorescence, fmo_linear_absorption_77K.dat)}
observe_steps=1

[filtering]
strategy=none
first_layer=-1

[solver]
stepper_type=rk_rk4
step_size=1.e-15
steps=1500
track_flows=false
flow_filename=

[system]
sites=7
hamiltonian={{1410.000, -87.70000, 5.500000, -5.900000, 6.700000, -13.70000, -9.900000}, {-87.70000, 1530.000, 30.80000, 8.200000, 0.7000000, 11.80000, 4.300000}, {5.500000, 30.80000, 1210.000, -53.50000, -2.200000, -9.600000, 6.000000}, {-5.900000, 8.200000, -53.50000, 1320.000, -70.70000, -17.00000, -63.30000}, {6.700000, 0.7000000, -2.200000, -70.70000, 1480.000, 81.10000, -1.300000}, {-13.70000, 11.80000, -9.600000, -17.00000, 81.10000, 1630.000, 39.70000}, {-9.900000, 4.300000, 6.000000, -63.30000, -1.300000, 39.70000, 1440.000}}
ado_depth=3

[baths]
number=7
max_per_site=1
coupling={{0}, {1}, {2}, {3}, {4}, {5}, {6}}
lambda={35, 35, 35, 35, 35, 35, 35}
invnu={50, 50, 50, 50, 50, 50, 50}
Omega={0, 0, 0, 0, 0, 0, 0}
matsubaras=2
temperature=77

[dipole]
directions={{-0.7410055439, -0.5606017431, -0.3696437062}, {-0.8571408580, 0.5037756989, -0.1073293753}, {-0.1971211359, 0.9574101843, -0.2109715544}, {-0.7992404276, -0.5335732080, -0.2766123111}, {-0.7369254668, 0.6557619007, 0.1640645785}, {-0.1350174748, -0.8792179984, 0.4568872867}, {-0.4951147575, -0.7083411836, -0.5031045065}}
centers={{2.6510,  0.25970, -1.1349}, {1.5607, -0.15170, -1.7246}, {0.33890, -1.3614, -1.3851}, {0.66780, -2.0848, -0.60360}, {1.9378, -1.8571, -0.10760}, {2.1834, -0.71750, 0.063400}, {1.0274, -0.82070, -0.55440}}
strengths={4,4,4,4,4,4,4}
tensor_prefactors={1, 1, 1}
tensor_components={{0, 0}, {1, 1}, {2, 2}}
