[program]
task=two_dimensional_spectra
observations={(matrix_trace_two_dimensional_spectra, fmo_2d_0000_010_nr.dat)}
observe_steps=2

[filtering]
strategy=none
first_layer=-1

[solver]
stepper_type=rk_rk4
step_size=4.e-15
steps=2
track_flows=false
flow_filename=

[system]
ado_depth=3
sites=7
hamiltonian={{1410.000, -87.70000, 5.500000, -5.900000, 6.700000, -13.70000, -9.900000}, {-87.70000, 1530.000, 30.80000, 8.200000, 0.7000000, 11.80000, 4.300000}, {5.500000, 30.80000, 1210.000, -53.50000, -2.200000, -9.600000, 6.000000}, {-5.900000, 8.200000, -53.50000, 1320.000, -70.70000, -17.00000, -63.30000}, {6.700000, 0.7000000, -2.200000, -70.70000, 1480.000, 81.10000, -1.300000}, {-13.70000, 11.80000, -9.600000, -17.00000, 81.10000, 1630.000, 39.70000}, {-9.900000, 4.300000, 6.000000, -63.30000, -1.300000, 39.70000, 1440.000}}

[baths]
max_per_site=1
number=7
coupling={{0}, {1}, {2}, {3}, {4}, {5}, {6}}
lambda={35, 35, 35, 35, 35, 35, 35}
invnu={50, 50, 50, 50, 50, 50, 50}
Omega={0, 0, 0, 0, 0, 0, 0}
matsubaras=1
temperature=100

[dipole]
directions={{0.74100554391564077416632017047959379851818084716797,0.56060174306171650648877857747720554471015930175781,0.36964370623946818383842582989018410444259643554688},{0.85714085795988870231099099328275769948959350585938,-0.50377569891134654778142021314124576747417449951172,0.10732937529945082988369620125013170763850212097168},{0.19712113585490986800152768410043790936470031738281,-0.95741018430910374004128016167669557034969329833984,0.21097155443442663913522494567587273195385932922363},{0.79924042759549984715761183906579390168190002441406,0.53357320796524942974059513289830647408962249755859,0.27661231107569117515510015437030233442783355712891},{0.73692546680274018111589384716353379189968109130859,-0.655761900738578873415463021956384181976318359375,-0.16406457849666947201860978111653821542859077453613},{0.13501747477485062653990155467909062281250953674316,0.87921799844245074329052158645936287939548492431641,-0.45688728666956096580165080922597553580999374389648},{0.49511475752762917901250716568029019981622695922852,0.70834118361365860927492121845716610550880432128906,0.50310450651445948189177670428762212395668029785156}}
centers={{0,0,0},{0,0,0},{0,0,0},{0,0,0},{0,0,0},{0,0,0},{0,0,0}}
strengths={1,1,1,1,1,1,1}
tensor_prefactors={0.2,0.06666666666666667,0.06666666666666667,0.06666666666666667,0.06666666666666667,0.06666666666666667,0.06666666666666667,0.06666666666666667,0.06666666666666667,0.06666666666666667,0.2,0.06666666666666667,0.06666666666666667,0.06666666666666667,0.06666666666666667,0.06666666666666667,0.06666666666666667,0.06666666666666667,0.06666666666666667,0.06666666666666667,0.2}
tensor_components={{0,0,0,0},{0,0,1,1},{0,0,2,2},{0,1,0,1},{0,1,1,0},{0,2,0,2},{0,2,2,0},{1,0,0,1},{1,0,1,0},{1,1,0,0},{1,1,1,1},{1,1,2,2},{1,2,1,2},{1,2,2,1},{2,0,0,2},{2,0,2,0},{2,1,1,2},{2,1,2,1},{2,2,0,0},{2,2,1,1},{2,2,2,2}}

[spectra]
steps_t_1=200
steps_t_3=200
steps_t_delay=10
pathways={gbnr,senr,esanr}
