[program]
task=thermal_state_search
observations={(matrix_complete, fmo_thermal_state_77K_matrix.dat), (matrix_diagonal, fmo_thermal_state_77K_diagonal.dat), (matrix_trace_id, fmo_thermal_state_77K_trace.dat)}
observe_steps=1

[filtering]
strategy=none
first_layer=-1

[solver]
stepper_type=rk_rk4 # unused
step_size=1.0
steps=500
track_flows=false
flow_filename=

[system]
sites=7
hamiltonian={{1410.000, -87.70000, 5.500000, -5.900000, 6.700000, -13.70000, -9.900000}, {-87.70000, 1530.000, 30.80000, 8.200000, 0.7000000, 11.80000, 4.300000}, {5.500000, 30.80000, 1210.000, -53.50000, -2.200000, -9.600000, 6.000000}, {-5.900000, 8.200000, -53.50000, 1320.000, -70.70000, -17.00000, -63.30000}, {6.700000, 0.7000000, -2.200000, -70.70000, 1480.000, 81.10000, -1.300000}, {-13.70000, 11.80000, -9.600000, -17.00000, 81.10000, 1630.000, 39.70000}, {-9.900000, 4.300000, 6.000000, -63.30000, -1.300000, 39.70000, 1440.000}}
ado_depth=3

[baths]
number=7
max_per_site=1
coupling={{0}, {1}, {2}, {3}, {4}, {5}, {6}}
lambda={35, 35, 35, 35, 35, 35, 35}
invnu={50, 50, 50, 50, 50, 50, 50}
Omega={0, 0, 0, 0, 0, 0, 0}
matsubaras=2
temperature=77

# thermal state search only
[thermal_state_search]
delta=1.0e-8
max_steps=5000
